%YAML:1.0
---
K: !!opencv-matrix
   rows: 3
   cols: 3
   dt: d
   data: [ 1914.1366838835754, 0., 741.53480083155603, 0.,
       1922.2676047301768, 1278.5827888617794, 0., 0., 1. ]
D: !!opencv-matrix
   rows: 1
   cols: 5
   dt: d
   data: [ -0.056533148642762196, 1.1365019960447027,
       0.001561651789493872, -0.0010980234358319873, -4.8915691608040346 ]
