%YAML:1.0
---
K: !!opencv-matrix
   rows: 3
   cols: 3
   dt: d
   data: [ 2261.8935432970757, 0., 806.03614311771548, 0.,
       2278.8587110931066, 1285.8927030719515, 0., 0., 1. ]
D: !!opencv-matrix
   rows: 1
   cols: 5
   dt: d
   data: [ 0.24718035385803705, -1.1429739269796868,
       0.0071177119236155344, -0.045092966978907613, 1.1700670399980089 ]
